0
10874
12499
12593
13039
13424
14281
14331
14426
15761
16580
16785
17608
18567
3000
3001
3002
3003
3004
3008
3010
3011
3012
3013
3014
3016
3020
3022
3023
3024
3026
3027
3029
3050
3052
3053
3055
3057
3058
3059
3060
3062
3064
3068
3069
3072
3073
3074
3075
3076
3078
3079
3082
3083
3087
3089
3100
3104
3105
3106
3107
3108
3110
3118
3119
3120
3123
3124
3125
3128
3130
3131
3132
3134
3150
3151
3156
3161
3162
3166
3168
3169
3170
3173
3174
3176
3179
3180
3181
3182
3183
3184
3185
3186
3188
3189
3190
3191
3200
3201
3203
3206
3207
3211
3214
3216
3217
3218
3221
3225
3226
3227
3229
3230
3233
3234
3237
3251
3252
3256
3257
3262
3264
3268
3269
3272
3274
3276
3277
3279
3280
3281
3282
3284
3285
3288
3300
3301
3304
3305
3307
3308
3309
3310
3312
3314
3316
3319
3320
3322
3323
3324
3326
3327
3328
3332
3333
3350
3353
3355
3356
3357
3358
3362
3366
3367
3368
3372
3373
3374
3375
3376
3383
3385
3386
3387
3389
3392
3401
3402
3407
3408
3409
3410
3411
3413
3421
3424
3425
3426
3428
3430
3431
3432
3433
3434
3439
3440
3441
3442
3444
3445
3446
3448
3450
3452
3453
3454
3455
3459
3460
3461
3462
3464
3465
3467
3468
3469
3472
3473
3476
3478
3479
3480
3500
3501
3502
3503
3505
3510
3512
3516
3517
3519
3520
3521
3522
3525
3526
3527
3528
3529
3532
3536
3537
3538
3539
3544
3550
3551
3556
3558
3559
3563
3564
3565
3566
3567
3569
3570
3572
3573
3575
3580
3582
3586
3587
3589
3601
3603
3605
3606
3607
3608
3609
3612
3614
3619
3620
3625
3627
3628
3631
3635
3636
3637
3638
3650
3651
3653
3654
3656
3658
3660
3661
3664
3665
3668
3701
3702
3707
3710
3711
3750
3751
3752
3753
3754
3755
3756
3758
3759
3760
3762
3763
3765
3766
3767
3768
3770
3771
3772
3773
3775
3776
3779
3780
3781
3783
3784
3785
3787
3788
3789
3790
3792
3793
3794
3795
3796
3800
3802
3803
3804
3805
3806
3807
3809
3811
3812
3814
3815
3816
3817
3818
3819
3820
3821
3822
3823
3824
3825
3826
3827
3828
3829
3830
3831
3832
3834
3835
3836
3838
3850
3851
3852
3853
3854
3855
3856
3858
3859
3860
3862
3863
3865
3866
3867
3868
3870
3871
3900
3901
3902
3903
3904
3905
3907
3911
3914
3916
3917
3950
3951
3953
3955
3956
3957
3958
3960
3963
3964
3967
3968
3972
4004
4010
4011
4012
4018
4020
4021
4024
4026
4027
4030
4032
4033
4034
40360
40366
4036
4037
4038
40520
4053
4054
40553
40555
4055
40560
4056
40578
40585
40586
40587
4058
40590
40591
40592
40593
40594
40595
40596
40599
4059
40600
40601
40602
40603
40604
40606
40607
40609
40610
40611
40613
40614
40618
40621
4064
4066
40671
4067
4070
4073
4074
4077
4078
40800
4080
4082
4083
4085
4086
40882
40893
4090
40916
4092
40932
4093
4094
4096
4098
4099
4100
4101
4103
4104
4105
4106
4107
4109
4110
4111
4112
4113
4114
4116
4117
41184
4118
4120
4121
4122
4124
4126
41280
41281
41282
41283
41285
41286
41287
41288
41289
41290
41291
41292
41293
41294
41295
41296
41305
41307
41342
41343
41356
4135
41382
41384
41399
41400
41410
41411
41412
41420
41471
41486
41508
41521
41522
41560
41562
41578
41749
41767
41967
41992
41993
42001
42126
42134
42171
42172
42240
42306
42351
42429
42438
42443
42444
42445
42448
42450
42451
42452
42454
42455
50044
50088
50110
50143
50172
50175
50184
50192
50195
50219
50222
50275
50319
50328
50358
50379
50455
50485
50557
50572
50621
50670
50746
50829
50860
50901
50961
51186
51252
51302
51330
51392
51441
51518
51625
51755
51782
51867
51971
52128
52200
52274
52276
52432
52530
52787
52828
52872
52948
53113
53308
53595
53866
54048
54110
54156
54197
54215
54364
55094
55151
55251
55395
55822
55842
56126
56169
56184
56491
56761
57277
57447
57887
60003
60004
60006
60013
60023
60033
60035
60043
60044
60045
60046
60048
60057
60059
60060
60063
60065
60073
60074
60075
60091
60096
60101
60107
60108
60118
60122
60170
65000
65004
65006
85236
90456
91097
91837
92490
92834
12224
16644
18026
18502
3006
3007
3009
3018
3021
3025
3028
3051
3054
3061
3067
3071
3077
3080
3085
3088
3101
3102
3109
3111
3114
3115
3116
3122
3126
3127
3129
3154
3157
3160
3164
3171
3172
3205
3209
3212
3213
3215
3219
3222
3223
3224
3231
3253
3260
3267
3270
3271
3290
3311
3313
3318
3321
3325
3330
3351
3352
3354
3359
3361
3363
3364
3365
3369
3370
3377
3380
3381
3384
3390
3400
3403
3404
3405
3406
3414
3415
3417
3418
3419
3422
3423
3429
3435
3436
3451
3456
3457
3466
3470
3471
3475
3481
3482
3506
3507
3514
3515
3518
3523
3540
3541
3542
3543
3554
3555
3557
3571
3574
3577
3581
3585
3588
3592
3593
3611
3613
3615
3616
3617
3621
3624
3630
3632
3633
3634
3655
3657
3662
3666
3700
3704
3705
3708
3709
3757
3778
3791
3861
3908
3910
3915
3952
3959
3961
3962
3965
3966
3969
3970
40002
40004
40010
40012
4001
4006
4009
4013
4019
4022
40240
40242
40243
4025
40273
4031
40338
4035
40388
40453
40510
40511
40512
40513
40514
40515
40516
40517
40519
40521
40522
40523
40524
40525
40527
40529
4052
40530
40550
40551
40552
40554
40557
40558
40559
40562
40564
40567
40568
40574
40575
40577
40579
4057
40584
40588
40598
40605
40608
40612
40615
40616
40620
4065
40690
40692
40693
40694
40700
40701
40702
40703
40704
40707
40713
40714
4071
40724
40725
40726
4072
40730
40731
40732
40733
40735
40737
40750
40751
40753
40754
40755
40756
40757
40758
40759
4075
40760
40761
40763
40769
4076
40771
40772
40773
40776
40777
40778
40779
40781
40782
40783
40784
40789
4079
40803R
40806
40811
40816R
40819
4081
40830
4084
40866
40898
4091
40922R
40938
40977
40989
4102
41037
41044
41052
41055
41065
41069
4108
41113
41141
41154
4115
41165
41170
41172
41181
4123
41246
4125
41279
4127
41284
41297
41300
41302
41303
41304
41308
41309
41310
41313
41314
41338
41348
41364
4136
41370
41371
41373
41375
41380
41381
41383
41385
41386
41391
41395
4139
41401
41403
41407
41414
41418
41424
41426
41428
41430
41432
41438
41442
41445
41454
41455
41461
41463
41467
41473
41482
41484
41487
41488
41489
41494
41509
41510
41512
41513
41519
41523
41524
41526
41529
41544
41554
41564
41566
41573
41579
41614R
41635
41652
41662
41664
41665
41690
41705
41725
41780
41796
41801R
41821
41851
41854
41965
41970
41971
41976
41977
41978
41983
41986
41988
41989
41990
41994
41997
41999
42000
42006
42008
42009
42011
42012
42013
42014
42017
42018
42069
42071
42072
42073
42079
42080
42081
42082
42088
42121
42122
42123
42124
42125
42128
42130
42131
42133
42135
42142
42146
42148
42159
42161
42164
42168
42170
42173
42206
42209
42216
42239
42250
42253
42257
42263
42264
42265
42293
42298
42305
42308
42320
42346
42349
42357R
42361
42368
42415
42418R
42422
42426
42431
42434
42435
42436
42437
42439
42442
42446
42447
42449
42453
42456
42457
50009
50027
50028
50039
50081
50086
50099
50154
50157
50159
50220
50228
50238
50305
50327
50355
50376
50380
50397
50418
50451
50462
50463
50496
50509
50525
50532
50545
50586
50685
50689
50701
50751
50753
50770
50788
50813
50819
50832
50891
50900
50916
50963
50983
51010
51087
51111
51134
51200
51218
51227
51247
51311
51334
51440
51504
51505
51513
51519
51538
51540
51544
51547
51551
51556
51557
51594
51595
51607
51608
51611
51632
51652
51659
51670
51675
51680R
51683
51684
51686
51687
51689
51690
51711
51712
51714
51718
51726
51731
51746
51800
51807
51844
51856
51866
51870
51904
51907
51912R
51914
51918
52006
52037
52062
52146
52215
52258
52273
52275
52278
52293
52296
52327
52340
52353
52355
52362
52373
52378
52380
52400
52414
52454
52506
52511
52512
52513
52514
52515
52517
52518
52521
52523
52524
52528
52546
52562
52563
52565
52580
52587
52599
52604
52607
52620
52634
52641
52644
52678
52694
52746
52748
52752
52768
52772
52783
52784
52791
52829
52845
52849
52850
52854
52861
52867
52868
52871
52874
52888
52927
52932
52969
52982
53019
53033
53044
53050
53054
53060
53069
53073
53193
53213
53286
53292
53310
53319
53329
53339
53340
53354
53422
53423
53426
53457
53494
53518
53519
53557
53600
53628
53639
53663
53677
53694
53756
53925
53985
53988
53996
53999
54072
54144
54166
54170
54186
54194
54196
54198
54218
54248
54262
54265
54266
54308
54309
54373
54446
54448
54461
54493
54539
54578
54612
54663
54695
54699
54712
54724
54831
54854
54900
54908
54915
54916
54937
54991
55076
55083
55085
55098
55124
55198
55250
55265
55282
55308
55349
55380
55413
55441
55468
55557
55577
55610
55615
55714
55725
55726
55757
55763
55803
55875
56028
56048
56060
56070
56135
56175
56267
56435
56457
56492
56534
56537
56558
56561
56571
56582
56593
56620
56680
56706
56744
56779
56789
56800
56807
56826
56954
57037
57090
57103
57159
57170
57173
57178
57282
57292
57340
57347
57365
57407
57505
57567
57572
57605
57670
57714
57738
57787
57869
57961
57965
57969
58027
58030
58074R
58099
58111
58138
58182
58221
58222
58224
58420
58431
58500
58510
58676
58843
58858
58865
58951
59076
59122
59154
59174
59343
59398
59614
59817
59926
60002
60015
60024
60036
60095
60171
65002
65003
65005
65008
70239
85242
